1 0.1203125 0.19765625 0.0453125 0.0796875
1 0.90625 0.2203125 0.053125 0.075
1 0.29921875 0.22109375 0.059375 0.0796875
1 0.69765625 0.22421875 0.0375 0.06484375
1 0.6453125 0.23046875 0.05546875 0.0875
1 0.36796875 0.2375 0.05625 0.09453125
1 0.7515625 0.2375 0.040625 0.07734375
1 0.96796875 0.24765625 0.0625 0.1
1 0.23671875 0.25546875 0.071875 0.1109375
1 0.51875 0.27421875 0.06640625 0.08984375
1 0.7984375 0.28359375 0.05625 0.07109375
1 0.6984375 0.3265625 0.05625 0.10546875
1 0.8640625 0.33359375 0.06953125 0.109375