1 0.10625 0.44921875 0.0921875 0.1640625
0 0.64375 0.46484375 0.0921875 0.16796875
0 0.2859375 0.48203125 0.09765625 0.20390625
0 0.9328125 0.6390625 0.0953125 0.190625
0 0.1671875 0.75234375 0.06015625 0.16796875
0 0.52265625 0.75859375 0.0703125 0.190625
0 0.12265625 0.82734375 0.075 0.17734375
0 0.57734375 0.871875 0.0796875 0.17734375
0 0.04453125 0.921875 0.0890625 0.153125
0 0.8234375 0.121875 0.0828125 0.14609375
0 0.490625 0.19453125 0.0921875 0.16796875
0 0.2625 0.196875 0.06484375 0.1640625
0 0.75625 0.19921875 0.0671875 0.19453125
0 0.65234375 0.2015625 0.075 0.17265625
0 0.8953125 0.2875 0.08515625 0.17734375
0 0.07109375 0.309375 0.07265625 0.12421875
0 0.49765625 0.3984375 0.075 0.15078125